const check = @import("support").check;

test "built_ins/list/callbacks/filter/arguments/cases/empty" {
    try check(@import("program"), &.{}, .{ .value = &.{} });
}

test "built_ins/list/callbacks/filter/arguments/cases/singleton" {
    try check(@import("program"), &.{11}, .{ .value = &.{11} });
}

test "built_ins/list/callbacks/filter/arguments/cases/pair" {
    try check(@import("program"), &.{11, 12}, .{ .value = &.{11, 12} });
}

test "built_ins/list/callbacks/filter/arguments/cases/original_parameters" {
    try check(@import("program"), &.{0, 1, 2, 3, 4, 5, 6, 7, 8, 9}, .{ .value = &.{0, 1, 2, 3, 4, 5, 6, 7, 8, 9} });
}

test "built_ins/list/callbacks/filter/arguments/cases/descending" {
    try check(@import("program"), &.{9, 8, 7, 6, 5, 4, 3, 2, 1, 0}, .{ .value = &.{9, 8, 7, 6, 5, 4, 3, 2, 1, 0} });
}

test "built_ins/list/callbacks/filter/arguments/cases/unrelated" {
    try check(@import("program"), &.{99, -8, 44, 0, 12, 12, -5, 7, 1, 900}, .{ .value = &.{99, -8, 44, 0, 12, 12, -5, 7, 1, 900} });
}

test "built_ins/list/callbacks/filter/arguments/cases/repeated" {
    try check(@import("program"), &.{11, 11, 11}, .{ .value = &.{11, 11, 11} });
}

test "built_ins/list/callbacks/filter/arguments/cases/signed" {
    try check(@import("program"), &.{-1, 0, 1, -900, 900}, .{ .value = &.{-1, 0, 1, -900, 900} });
}

test "built_ins/list/callbacks/filter/arguments/cases/growth_2" {
    try check(@import("program"), &.{-11, -10}, .{ .value = &.{-11, -10} });
}

test "built_ins/list/callbacks/filter/arguments/cases/growth_3" {
    try check(@import("program"), &.{-11, -10, -9}, .{ .value = &.{-11, -10, -9} });
}

test "built_ins/list/callbacks/filter/arguments/cases/growth_4" {
    try check(@import("program"), &.{-11, -10, -9, -8}, .{ .value = &.{-11, -10, -9, -8} });
}

test "built_ins/list/callbacks/filter/arguments/cases/growth_5" {
    try check(@import("program"), &.{-11, -10, -9, -8, -7}, .{ .value = &.{-11, -10, -9, -8, -7} });
}

test "built_ins/list/callbacks/filter/arguments/cases/growth_7" {
    try check(@import("program"), &.{-11, -10, -9, -8, -7, -6, -5}, .{ .value = &.{-11, -10, -9, -8, -7, -6, -5} });
}

test "built_ins/list/callbacks/filter/arguments/cases/growth_8" {
    try check(@import("program"), &.{-11, -10, -9, -8, -7, -6, -5, -4}, .{ .value = &.{-11, -10, -9, -8, -7, -6, -5, -4} });
}

test "built_ins/list/callbacks/filter/arguments/cases/growth_15" {
    try check(@import("program"), &.{-11, -10, -9, -8, -7, -6, -5, -4, -3, -2, -1, 0, 1, 2, 3}, .{ .value = &.{-11, -10, -9, -8, -7, -6, -5, -4, -3, -2, -1, 0, 1, 2, 3} });
}

test "built_ins/list/callbacks/filter/arguments/cases/growth_16" {
    try check(@import("program"), &.{-11, -10, -9, -8, -7, -6, -5, -4, -3, -2, -1, 0, 1, 2, 3, 4}, .{ .value = &.{-11, -10, -9, -8, -7, -6, -5, -4, -3, -2, -1, 0, 1, 2, 3, 4} });
}

test "built_ins/list/callbacks/filter/arguments/cases/growth_17" {
    try check(@import("program"), &.{-11, -10, -9, -8, -7, -6, -5, -4, -3, -2, -1, 0, 1, 2, 3, 4, 5}, .{ .value = &.{-11, -10, -9, -8, -7, -6, -5, -4, -3, -2, -1, 0, 1, 2, 3, 4, 5} });
}

test "built_ins/list/callbacks/filter/arguments/cases/growth_31" {
    try check(@import("program"), &.{-11, -10, -9, -8, -7, -6, -5, -4, -3, -2, -1, 0, 1, 2, 3, 4, 5, 6, 7, 8, 9, 10, 11, -11, -10, -9, -8, -7, -6, -5, -4}, .{ .value = &.{-11, -10, -9, -8, -7, -6, -5, -4, -3, -2, -1, 0, 1, 2, 3, 4, 5, 6, 7, 8, 9, 10, 11, -11, -10, -9, -8, -7, -6, -5, -4} });
}

test "built_ins/list/callbacks/filter/arguments/cases/growth_32" {
    try check(@import("program"), &.{-11, -10, -9, -8, -7, -6, -5, -4, -3, -2, -1, 0, 1, 2, 3, 4, 5, 6, 7, 8, 9, 10, 11, -11, -10, -9, -8, -7, -6, -5, -4, -3}, .{ .value = &.{-11, -10, -9, -8, -7, -6, -5, -4, -3, -2, -1, 0, 1, 2, 3, 4, 5, 6, 7, 8, 9, 10, 11, -11, -10, -9, -8, -7, -6, -5, -4, -3} });
}

test "built_ins/list/callbacks/filter/arguments/cases/growth_33" {
    try check(@import("program"), &.{-11, -10, -9, -8, -7, -6, -5, -4, -3, -2, -1, 0, 1, 2, 3, 4, 5, 6, 7, 8, 9, 10, 11, -11, -10, -9, -8, -7, -6, -5, -4, -3, -2}, .{ .value = &.{-11, -10, -9, -8, -7, -6, -5, -4, -3, -2, -1, 0, 1, 2, 3, 4, 5, 6, 7, 8, 9, 10, 11, -11, -10, -9, -8, -7, -6, -5, -4, -3, -2} });
}

test "built_ins/list/callbacks/filter/arguments/cases/growth_64" {
    try check(@import("program"), &.{-11, -10, -9, -8, -7, -6, -5, -4, -3, -2, -1, 0, 1, 2, 3, 4, 5, 6, 7, 8, 9, 10, 11, -11, -10, -9, -8, -7, -6, -5, -4, -3, -2, -1, 0, 1, 2, 3, 4, 5, 6, 7, 8, 9, 10, 11, -11, -10, -9, -8, -7, -6, -5, -4, -3, -2, -1, 0, 1, 2, 3, 4, 5, 6}, .{ .value = &.{-11, -10, -9, -8, -7, -6, -5, -4, -3, -2, -1, 0, 1, 2, 3, 4, 5, 6, 7, 8, 9, 10, 11, -11, -10, -9, -8, -7, -6, -5, -4, -3, -2, -1, 0, 1, 2, 3, 4, 5, 6, 7, 8, 9, 10, 11, -11, -10, -9, -8, -7, -6, -5, -4, -3, -2, -1, 0, 1, 2, 3, 4, 5, 6} });
}

test "built_ins/list/callbacks/filter/arguments/cases/growth_65" {
    try check(@import("program"), &.{-11, -10, -9, -8, -7, -6, -5, -4, -3, -2, -1, 0, 1, 2, 3, 4, 5, 6, 7, 8, 9, 10, 11, -11, -10, -9, -8, -7, -6, -5, -4, -3, -2, -1, 0, 1, 2, 3, 4, 5, 6, 7, 8, 9, 10, 11, -11, -10, -9, -8, -7, -6, -5, -4, -3, -2, -1, 0, 1, 2, 3, 4, 5, 6, 7}, .{ .value = &.{-11, -10, -9, -8, -7, -6, -5, -4, -3, -2, -1, 0, 1, 2, 3, 4, 5, 6, 7, 8, 9, 10, 11, -11, -10, -9, -8, -7, -6, -5, -4, -3, -2, -1, 0, 1, 2, 3, 4, 5, 6, 7, 8, 9, 10, 11, -11, -10, -9, -8, -7, -6, -5, -4, -3, -2, -1, 0, 1, 2, 3, 4, 5, 6, 7} });
}

test "built_ins/list/callbacks/filter/arguments/cases/growth_127" {
    try check(@import("program"), &.{-11, -10, -9, -8, -7, -6, -5, -4, -3, -2, -1, 0, 1, 2, 3, 4, 5, 6, 7, 8, 9, 10, 11, -11, -10, -9, -8, -7, -6, -5, -4, -3, -2, -1, 0, 1, 2, 3, 4, 5, 6, 7, 8, 9, 10, 11, -11, -10, -9, -8, -7, -6, -5, -4, -3, -2, -1, 0, 1, 2, 3, 4, 5, 6, 7, 8, 9, 10, 11, -11, -10, -9, -8, -7, -6, -5, -4, -3, -2, -1, 0, 1, 2, 3, 4, 5, 6, 7, 8, 9, 10, 11, -11, -10, -9, -8, -7, -6, -5, -4, -3, -2, -1, 0, 1, 2, 3, 4, 5, 6, 7, 8, 9, 10, 11, -11, -10, -9, -8, -7, -6, -5, -4, -3, -2, -1, 0}, .{ .value = &.{-11, -10, -9, -8, -7, -6, -5, -4, -3, -2, -1, 0, 1, 2, 3, 4, 5, 6, 7, 8, 9, 10, 11, -11, -10, -9, -8, -7, -6, -5, -4, -3, -2, -1, 0, 1, 2, 3, 4, 5, 6, 7, 8, 9, 10, 11, -11, -10, -9, -8, -7, -6, -5, -4, -3, -2, -1, 0, 1, 2, 3, 4, 5, 6, 7, 8, 9, 10, 11, -11, -10, -9, -8, -7, -6, -5, -4, -3, -2, -1, 0, 1, 2, 3, 4, 5, 6, 7, 8, 9, 10, 11, -11, -10, -9, -8, -7, -6, -5, -4, -3, -2, -1, 0, 1, 2, 3, 4, 5, 6, 7, 8, 9, 10, 11, -11, -10, -9, -8, -7, -6, -5, -4, -3, -2, -1, 0} });
}

test "built_ins/list/callbacks/filter/arguments/cases/growth_128" {
    try check(@import("program"), &.{-11, -10, -9, -8, -7, -6, -5, -4, -3, -2, -1, 0, 1, 2, 3, 4, 5, 6, 7, 8, 9, 10, 11, -11, -10, -9, -8, -7, -6, -5, -4, -3, -2, -1, 0, 1, 2, 3, 4, 5, 6, 7, 8, 9, 10, 11, -11, -10, -9, -8, -7, -6, -5, -4, -3, -2, -1, 0, 1, 2, 3, 4, 5, 6, 7, 8, 9, 10, 11, -11, -10, -9, -8, -7, -6, -5, -4, -3, -2, -1, 0, 1, 2, 3, 4, 5, 6, 7, 8, 9, 10, 11, -11, -10, -9, -8, -7, -6, -5, -4, -3, -2, -1, 0, 1, 2, 3, 4, 5, 6, 7, 8, 9, 10, 11, -11, -10, -9, -8, -7, -6, -5, -4, -3, -2, -1, 0, 1}, .{ .value = &.{-11, -10, -9, -8, -7, -6, -5, -4, -3, -2, -1, 0, 1, 2, 3, 4, 5, 6, 7, 8, 9, 10, 11, -11, -10, -9, -8, -7, -6, -5, -4, -3, -2, -1, 0, 1, 2, 3, 4, 5, 6, 7, 8, 9, 10, 11, -11, -10, -9, -8, -7, -6, -5, -4, -3, -2, -1, 0, 1, 2, 3, 4, 5, 6, 7, 8, 9, 10, 11, -11, -10, -9, -8, -7, -6, -5, -4, -3, -2, -1, 0, 1, 2, 3, 4, 5, 6, 7, 8, 9, 10, 11, -11, -10, -9, -8, -7, -6, -5, -4, -3, -2, -1, 0, 1, 2, 3, 4, 5, 6, 7, 8, 9, 10, 11, -11, -10, -9, -8, -7, -6, -5, -4, -3, -2, -1, 0, 1} });
}

test "built_ins/list/callbacks/filter/arguments/cases/growth_257" {
    try check(@import("program"), &.{-11, -10, -9, -8, -7, -6, -5, -4, -3, -2, -1, 0, 1, 2, 3, 4, 5, 6, 7, 8, 9, 10, 11, -11, -10, -9, -8, -7, -6, -5, -4, -3, -2, -1, 0, 1, 2, 3, 4, 5, 6, 7, 8, 9, 10, 11, -11, -10, -9, -8, -7, -6, -5, -4, -3, -2, -1, 0, 1, 2, 3, 4, 5, 6, 7, 8, 9, 10, 11, -11, -10, -9, -8, -7, -6, -5, -4, -3, -2, -1, 0, 1, 2, 3, 4, 5, 6, 7, 8, 9, 10, 11, -11, -10, -9, -8, -7, -6, -5, -4, -3, -2, -1, 0, 1, 2, 3, 4, 5, 6, 7, 8, 9, 10, 11, -11, -10, -9, -8, -7, -6, -5, -4, -3, -2, -1, 0, 1, 2, 3, 4, 5, 6, 7, 8, 9, 10, 11, -11, -10, -9, -8, -7, -6, -5, -4, -3, -2, -1, 0, 1, 2, 3, 4, 5, 6, 7, 8, 9, 10, 11, -11, -10, -9, -8, -7, -6, -5, -4, -3, -2, -1, 0, 1, 2, 3, 4, 5, 6, 7, 8, 9, 10, 11, -11, -10, -9, -8, -7, -6, -5, -4, -3, -2, -1, 0, 1, 2, 3, 4, 5, 6, 7, 8, 9, 10, 11, -11, -10, -9, -8, -7, -6, -5, -4, -3, -2, -1, 0, 1, 2, 3, 4, 5, 6, 7, 8, 9, 10, 11, -11, -10, -9, -8, -7, -6, -5, -4, -3, -2, -1, 0, 1, 2, 3, 4, 5, 6, 7, 8, 9, 10, 11, -11, -10, -9, -8}, .{ .value = &.{-11, -10, -9, -8, -7, -6, -5, -4, -3, -2, -1, 0, 1, 2, 3, 4, 5, 6, 7, 8, 9, 10, 11, -11, -10, -9, -8, -7, -6, -5, -4, -3, -2, -1, 0, 1, 2, 3, 4, 5, 6, 7, 8, 9, 10, 11, -11, -10, -9, -8, -7, -6, -5, -4, -3, -2, -1, 0, 1, 2, 3, 4, 5, 6, 7, 8, 9, 10, 11, -11, -10, -9, -8, -7, -6, -5, -4, -3, -2, -1, 0, 1, 2, 3, 4, 5, 6, 7, 8, 9, 10, 11, -11, -10, -9, -8, -7, -6, -5, -4, -3, -2, -1, 0, 1, 2, 3, 4, 5, 6, 7, 8, 9, 10, 11, -11, -10, -9, -8, -7, -6, -5, -4, -3, -2, -1, 0, 1, 2, 3, 4, 5, 6, 7, 8, 9, 10, 11, -11, -10, -9, -8, -7, -6, -5, -4, -3, -2, -1, 0, 1, 2, 3, 4, 5, 6, 7, 8, 9, 10, 11, -11, -10, -9, -8, -7, -6, -5, -4, -3, -2, -1, 0, 1, 2, 3, 4, 5, 6, 7, 8, 9, 10, 11, -11, -10, -9, -8, -7, -6, -5, -4, -3, -2, -1, 0, 1, 2, 3, 4, 5, 6, 7, 8, 9, 10, 11, -11, -10, -9, -8, -7, -6, -5, -4, -3, -2, -1, 0, 1, 2, 3, 4, 5, 6, 7, 8, 9, 10, 11, -11, -10, -9, -8, -7, -6, -5, -4, -3, -2, -1, 0, 1, 2, 3, 4, 5, 6, 7, 8, 9, 10, 11, -11, -10, -9, -8} });
}
